0	0 
1	5 
2	26 
3	26 
4	20 
5	18 
6	20 
7	20 
8	0 
9	11 
10	21 
11	16 
12	2 
13	5 
14	20 
15	3 
16	16 
17	16 
18	17 
19	4 
20	21 
21	6 
22	22 
23	13 
24	26 
25	12 
26	19 
27	26 
28	16 
29	16 
30	6 
31	24 
32	21 
33	13 
34	6 
35	7 
36	11 
37	15 
38	26 
39	27 
40	27 
41	17 
42	11 
43	20 
44	15 
45	3 
46	20 
47	17 
48	27 
49	27 
50	10 
51	3 
52	6 
53	24 
54	18 
55	16 
56	23 
57	22 
58	19 
59	1 
60	4 
61	11 
62	13 
63	16 
64	20 
65	9 
66	6 
67	5 
68	18 
69	23 
70	14 
71	15 
72	18 
73	11 
74	17 
75	15 
76	24 
77	12 
78	12 
79	18 
80	23 
81	27 
82	7 
83	8 
84	25 
85	24 
86	5 
87	25 
88	6 
89	23 
90	26 
91	21 
92	11 
93	13 
94	1 
95	6 
96	18 
97	19 
98	21 
99	11 
100	3 
101	17 
102	2 
103	27 
104	2 
105	1 
106	11 
107	22 
108	1 
109	20 
110	24 
111	7 
112	13 
113	0 
114	1 
115	27 
116	12 
117	9 
118	4 
119	7 
120	24 
121	27 
122	13 
123	6 
124	26 
125	10 
126	1 
127	18 
128	3 
129	22 
130	12 
131	27 
132	0 
133	13 
134	11 
135	7 
136	13 
137	3 
138	10 
139	20 
140	6 
141	8 
142	13 
143	8 
144	10 
145	0 
146	27 
147	14 
148	10 
149	3 
150	23 
151	8 
152	26 
153	22 
154	25 
155	22 
156	15 
157	18 
158	14 
159	14 
160	15 
161	14 
162	6 
163	17 
164	5 
165	9 
166	0 
167	13 
168	21 
169	17 
170	20 
171	13 
172	24 
173	6 
174	11 
175	13 
176	2 
177	12 
178	5 
179	17 
180	24 
181	4 
182	21 
183	13 
184	22 
185	17 
186	17 
187	5 
188	8 
189	22 
190	3 
191	16 
192	24 
193	27 
194	9 
195	18 
196	0 
197	20 
198	24 
199	2 
200	19 
201	5 
202	1 
203	11 
204	12 
205	14 
206	22 
207	18 
208	19 
209	17 
210	5 
211	25 
212	18 
213	4 
214	0 
215	13 
216	17 
217	1 
218	6 
219	15 
220	17 
221	6 
222	23 
223	14 
224	14 
225	13 
226	20 
227	16 
228	13 
229	21 
230	20 
231	24 
232	5 
233	26 
234	5 
235	23 
236	11 
237	5 
238	25 
239	4 
240	1 
241	25 
242	24 
243	17 
244	24 
245	17 
246	2 
247	26 
248	21 
249	18 
250	24 
251	25 
252	23 
253	2 
254	10 
255	9 
256	10 
257	17 
258	5 
259	19 
260	19 
261	17 
262	8 
263	14 
264	20 
265	4 
266	8 
267	1 
268	22 
269	21 
270	21 
271	1 
272	22 
273	16 
274	15 
275	2 
276	0 
277	19 
278	6 
279	9 
280	26 
281	5 
282	5 
283	18 
284	2 
285	10 
286	15 
287	6 
288	5 
289	10 
290	0 
291	19 
292	8 
293	23 
294	22 
295	15 
296	5 
297	9 
298	25 
299	0 
300	20 
301	20 
302	9 
303	23 
304	14 
305	20 
306	6 
307	17 
308	22 
309	26 
310	21 
311	15 
312	10 
313	6 
314	5 
315	23 
316	21 
317	21 
318	13 
319	5 
320	15 
321	13 
322	19 
323	5 
324	27 
325	4 
326	6 
327	6 
328	2 
329	10 
330	17 
331	18 
332	0 
333	18 
334	25 
335	27 
336	12 
337	9 
338	1 
339	25 
340	5 
341	26 
342	22 
343	12 
344	14 
345	9 
346	10 
347	7 
348	3 
349	17 
350	23 
351	11 
352	8 
353	1 
354	25 
355	16 
356	14 
357	15 
358	1 
359	9 
360	7 
361	12 
362	15 
363	22 
364	5 
365	19 
366	14 
367	21 
368	13 
369	8 
370	6 
371	25 
372	22 
373	12 
374	26 
375	11 
376	2 
377	25 
378	17 
379	20 
380	4 
381	25 
382	6 
383	21 
384	27 
385	11 
386	5 
387	11 
388	14 
389	19 
390	26 
391	24 
392	5 
393	0 
394	19 
395	14 
396	6 
397	20 
398	16 
399	11 
400	23 
401	6 
402	27 
403	6 
404	3 
405	19 
406	1 
407	22 
408	12 
409	2 
410	14 
411	5 
412	2 
413	13 
414	6 
415	15 
416	11 
417	1 
418	17 
419	20 
420	15 
421	27 
422	11 
423	25 
424	11 
425	24 
426	9 
427	12 
428	21 
429	26 
430	10 
431	5 
432	21 
433	24 
434	0 
435	19 
436	5 
437	8 
438	2 
439	18 
440	8 
441	10 
442	5 
443	25 
444	16 
445	23 
446	22 
447	25 
448	10 
449	19 
450	24 
451	18 
452	16 
453	26 
454	17 
455	14 
456	24 
457	1 
458	26 
459	27 
460	9 
461	10 
462	13 
463	14 
464	0 
465	10 
466	3 
467	27 
468	10 
469	10 
470	1 
471	8 
472	0 
473	1 
474	26 
475	21 
476	17 
477	17 
478	5 
479	23 
480	15 
481	15 
482	27 
483	0 
484	23 
485	24 
486	23 
487	21 
488	19 
489	24 
490	26 
491	25 
492	26 
493	1 
494	13 
495	8 
496	1 
497	12 
498	6 
499	27 
500	18 
501	11 
502	26 
503	21 
504	27 
505	5 
506	16 
507	0 
508	26 
509	16 
510	18 
511	27 
512	2 
513	1 
514	13 
515	16 
516	14 
517	22 
518	13 
519	10 
520	25 
521	4 
522	18 
523	24 
524	7 
525	16 
526	24 
527	13 
528	27 
529	13 
530	8 
531	26 
532	17 
533	3 
534	21 
535	8 
536	20 
537	1 
538	27 
539	22 
540	25 
541	4 
542	9 
543	0 
544	15 
545	24 
546	0 
547	27 
548	19 
549	12 
550	4 
551	6 
552	14 
553	1 
554	26 
555	5 
556	2 
557	11 
558	17 
559	5 
560	8 
561	24 
562	23 
563	6 
564	21 
565	8 
566	26 
567	5 
568	6 
569	9 
570	20 
571	17 
572	17 
573	26 
574	17 
575	22 
576	25 
577	2 
578	14 
579	11 
580	12 
581	25 
582	6 
583	25 
584	14 
585	26 
586	7 
587	17 
588	27 
589	15 
590	3 
591	15 
592	7 
593	23 
594	9 
595	13 
596	24 
597	10 
598	25 
599	8 
600	25 
601	8 
602	16 
603	7 
604	3 
605	6 
606	11 
607	0 
608	4 
609	6 
610	2 
611	17 
612	25 
613	5 
614	18 
615	9 
616	17 
617	1 
618	5 
619	16 
620	9 
621	7 
622	7 
623	16 
624	20 
625	17 
626	10 
627	12 
628	25 
629	10 
630	2 
631	10 
632	22 
633	14 
634	18 
635	14 
636	6 
637	16 
638	25 
639	10 
640	6 
641	25 
642	0 
643	11 
644	8 
645	2 
646	20 
647	9 
648	5 
649	26 
650	18 
651	24 
652	20 
653	11 
654	20 
655	11 
656	24 
657	13 
658	24 
659	10 
660	20 
661	17 
662	22 
663	17 
664	3 
665	18 
666	7 
667	8 
668	22 
669	7 
670	27 
671	4 
672	3 
673	14 
674	7 
675	26 
676	4 
677	12 
678	21 
679	11 
680	4 
681	4 
682	0 
683	8 
684	14 
685	14 
686	3 
687	15 
688	1 
689	5 
690	18 
691	25 
692	19 
693	27 
694	0 
695	13 
696	18 
697	11 
698	6 
699	20 
700	5 
701	19 
702	24 
703	6 
704	24 
705	6 
706	11 
707	14 
708	21 
709	11 
710	16 
711	6 
712	24 
713	19 
714	0 
715	0 
716	22 
717	7 
718	6 
719	7 
720	6 
721	6 
722	22 
723	18 
724	14 
725	1 
726	14 
727	0 
728	12 
729	12 
730	25 
731	3 
732	13 
733	3 
734	0 
735	20 
736	17 
737	13 
738	27 
739	19 
740	15 
741	26 
742	26 
743	14 
744	19 
745	20 
746	2 
747	14 
748	10 
749	27 
750	6 
751	21 
752	13 
753	8 
754	17 
755	20 
756	7 
757	10 
758	0 
759	19 
760	18 
761	16 
762	5 
763	18 
764	18 
765	4 
766	20 
767	6 
768	10 
769	23 
770	27 
771	25 
772	14 
773	6 
774	5 
775	7 
776	12 
777	8 
778	6 
779	17 
780	25 
781	1 
782	0 
783	23 
784	3 
785	27 
786	24 
787	10 
788	13 
789	8 
790	20 
791	21 
792	14 
793	11 
794	1 
795	14 
796	3 
797	8 
798	17 
799	18 
800	22 
801	14 
802	15 
803	2 
804	17 
805	10 
806	8 
807	23 
808	21 
809	12 
810	25 
811	11 
812	5 
813	4 
814	27 
815	4 
816	3 
817	12 
818	12 
819	17 
820	14 
821	16 
822	1 
823	18 
824	0 
825	17 
826	7 
827	22 
828	15 
829	3 
830	24 
831	13 
832	25 
833	18 
834	4 
835	13 
836	22 
837	17 
838	11 
839	9 
840	5 
841	3 
842	20 
843	11 
844	20 
845	10 
846	2 
847	23 
848	4 
849	20 
850	21 
851	2 
852	0 
853	9 
854	13 
855	27 
856	3 
857	24 
858	14 
859	7 
860	13 
861	7 
862	9 
863	26 
864	0 
865	14 
866	0 
867	8 
868	21 
869	11 
870	5 
871	6 
872	18 
873	20 
874	10 
875	19 
876	13 
877	10 
878	10 
879	25 
880	8 
881	3 
882	25 
883	14 
884	26 
885	24 
886	16 
887	13 
888	14 
889	14 
890	11 
891	14 
892	17 
893	9 
894	2 
895	27 
896	5 
897	27 
898	19 
899	0 
900	20 
901	21 
902	27 
903	19 
904	19 
905	24 
906	7 
907	11 
908	25 
909	21 
910	2 
911	0 
912	20 
913	11 
914	13 
915	17 
916	3 
917	2 
918	2 
919	26 
920	1 
921	16 
922	2 
923	11 
924	1 
925	6 
926	2 
927	2 
928	27 
929	0 
930	20 
931	5 
932	21 
933	13 
934	18 
935	14 
936	11 
937	20 
938	20 
939	10 
940	11 
941	2 
942	24 
943	2 
944	17 
945	18 
946	11 
947	18 
948	26 
949	25 
950	20 
951	6 
952	10 
953	2 
954	24 
955	11 
956	17 
957	26 
958	24 
959	20 
960	11 
961	27 
962	25 
963	25 
964	1 
965	27 
966	0 
967	27 
968	0 
969	27 
970	11 
971	27 
972	21 
973	11 
974	26 
975	21 
976	13 
977	25 
978	13 
979	25 
980	5 
981	14 
982	13 
983	14 
984	17 
985	14 
986	26 
987	13 
988	0 
989	18 
990	5 
991	0 
992	10 
993	24 
994	13 
995	5 
996	14 
997	11 
998	13 
999	20 
