0	14 
1	4 
2	11 
3	15 
4	7 
5	23 
6	18 
7	4 
8	11 
9	0 
10	21 
11	10 
12	20 
13	13 
14	6 
15	9 
16	10 
17	12 
18	23 
19	1 
20	24 
21	25 
22	16 
23	19 
24	18 
25	0 
26	19 
27	2 
28	3 
29	20 
30	15 
31	13 
32	8 
33	17 
34	13 
35	6 
36	13 
37	19 
38	26 
39	15 
40	16 
41	26 
42	13 
43	8 
44	13 
45	18 
46	11 
47	1 
48	2 
49	18 
50	11 
51	6 
52	20 
53	6 
54	21 
55	0 
56	4 
57	25 
58	14 
59	13 
60	12 
61	7 
62	10 
63	17 
64	6 
65	13 
66	15 
67	5 
68	17 
69	21 
70	18 
71	19 
72	5 
73	13 
74	9 
75	5 
76	11 
77	21 
78	2 
79	8 
80	0 
81	11 
82	20 
83	4 
84	12 
85	17 
86	27 
87	17 
88	3 
89	11 
90	13 
91	25 
92	1 
93	6 
94	14 
95	0 
96	24 
97	5 
98	16 
99	20 
100	0 
101	26 
102	18 
103	27 
104	17 
105	15 
106	24 
107	6 
108	1 
109	27 
110	7 
111	4 
112	9 
113	5 
114	7 
115	20 
116	15 
117	2 
118	11 
119	27 
120	13 
121	10 
122	18 
123	27 
124	20 
125	13 
126	23 
127	16 
128	25 
129	8 
130	24 
131	13 
132	5 
133	3 
134	14 
135	18 
136	27 
137	20 
138	5 
139	2 
140	15 
141	24 
142	3 
143	24 
144	5 
145	19 
146	8 
147	0 
148	9 
149	17 
150	12 
151	2 
152	2 
153	23 
154	13 
155	8 
156	25 
157	13 
158	16 
159	21 
160	14 
161	8 
162	3 
163	6 
164	14 
165	20 
166	11 
167	13 
168	18 
169	10 
170	26 
171	8 
172	8 
173	8 
174	27 
175	0 
176	14 
177	12 
178	2 
179	22 
180	15 
181	19 
182	18 
183	6 
184	5 
185	25 
186	14 
187	11 
188	0 
189	17 
190	26 
191	20 
192	0 
193	20 
194	17 
195	2 
196	26 
197	26 
198	3 
199	3 
200	15 
201	19 
202	10 
203	1 
204	5 
205	3 
206	25 
207	2 
208	25 
209	24 
210	6 
211	1 
212	0 
213	11 
214	1 
215	9 
216	24 
217	23 
218	21 
219	12 
220	7 
221	14 
222	7 
223	14 
224	7 
225	27 
226	6 
227	0 
228	16 
229	8 
230	25 
231	19 
232	17 
233	17 
234	1 
235	23 
236	10 
237	25 
238	12 
239	13 
240	19 
241	0 
242	21 
243	11 
244	25 
245	20 
246	14 
247	24 
248	26 
249	6 
250	19 
251	14 
252	26 
253	22 
254	17 
255	15 
256	0 
257	1 
258	7 
259	13 
260	11 
261	5 
262	10 
263	14 
264	17 
265	24 
266	5 
267	6 
268	11 
269	11 
270	0 
271	21 
272	17 
273	0 
274	18 
275	20 
276	14 
277	7 
278	11 
279	18 
280	7 
281	7 
282	22 
283	20 
284	25 
285	4 
286	13 
287	16 
288	17 
289	9 
290	17 
291	10 
292	6 
293	18 
294	11 
295	3 
296	27 
297	0 
298	18 
299	13 
300	18 
301	18 
302	24 
303	4 
304	27 
305	21 
306	13 
307	22 
308	4 
309	20 
310	9 
311	12 
312	6 
313	20 
314	27 
315	12 
316	20 
317	19 
318	1 
319	17 
320	9 
321	21 
322	3 
323	2 
324	6 
325	22 
326	5 
327	7 
328	8 
329	25 
330	18 
331	14 
332	24 
333	8 
334	21 
335	25 
336	23 
337	13 
338	2 
339	6 
340	1 
341	16 
342	12 
343	25 
344	16 
345	9 
346	20 
347	16 
348	13 
349	4 
350	4 
351	21 
352	22 
353	7 
354	13 
355	2 
356	1 
357	2 
358	5 
359	16 
360	22 
361	21 
362	2 
363	0 
364	27 
365	18 
366	21 
367	24 
368	7 
369	16 
370	1 
371	24 
372	24 
373	26 
374	21 
375	11 
376	19 
377	2 
378	9 
379	2 
380	26 
381	19 
382	8 
383	25 
384	20 
385	27 
386	17 
387	9 
388	11 
389	6 
390	11 
391	12 
392	17 
393	14 
394	26 
395	22 
396	14 
397	6 
398	23 
399	11 
400	2 
401	24 
402	12 
403	8 
404	10 
405	24 
406	24 
407	11 
408	17 
409	9 
410	27 
411	8 
412	13 
413	6 
414	13 
415	3 
416	6 
417	10 
418	20 
419	1 
420	24 
421	1 
422	27 
423	25 
424	27 
425	5 
426	12 
427	10 
428	16 
429	17 
430	0 
431	4 
432	19 
433	1 
434	8 
435	25 
436	22 
437	20 
438	14 
439	6 
440	15 
441	27 
442	14 
443	10 
444	21 
445	16 
446	13 
447	21 
448	27 
449	23 
450	13 
451	14 
452	14 
453	10 
454	14 
455	0 
456	17 
457	0 
458	6 
459	23 
460	12 
461	27 
462	0 
463	8 
464	19 
465	21 
466	23 
467	17 
468	20 
469	17 
470	20 
471	6 
472	13 
473	13 
474	20 
475	26 
476	11 
477	4 
478	9 
479	25 
480	10 
481	16 
482	25 
483	14 
484	5 
485	12 
486	11 
487	4 
488	15 
489	24 
490	5 
491	22 
492	15 
493	17 
494	20 
495	6 
496	21 
497	23 
498	0 
499	2 
500	19 
501	1 
502	1 
503	5 
504	22 
505	22 
506	1 
507	26 
508	10 
509	21 
510	15 
511	13 
512	25 
513	27 
514	6 
515	13 
516	3 
517	2 
518	1 
519	17 
520	8 
521	14 
522	26 
523	23 
524	1 
525	23 
526	26 
527	14 
528	16 
529	3 
530	27 
531	20 
532	23 
533	5 
534	0 
535	6 
536	12 
537	18 
538	22 
539	0 
540	5 
541	24 
542	18 
543	26 
544	23 
545	15 
546	15 
547	25 
548	19 
549	13 
550	23 
551	24 
552	24 
553	0 
554	0 
555	14 
556	10 
557	5 
558	8 
559	22 
560	0 
561	8 
562	25 
563	22 
564	1 
565	16 
566	16 
567	9 
568	16 
569	25 
570	2 
571	6 
572	26 
573	0 
574	25 
575	18 
576	10 
577	11 
578	9 
579	13 
580	11 
581	11 
582	24 
583	19 
584	16 
585	27 
586	23 
587	22 
588	5 
589	3 
590	12 
591	22 
592	27 
593	20 
594	20 
595	11 
596	3 
597	16 
598	11 
599	17 
600	8 
601	19 
602	10 
603	24 
604	17 
605	10 
606	12 
607	5 
608	10 
609	17 
610	6 
611	27 
612	25 
613	25 
614	19 
615	13 
616	27 
617	5 
618	21 
619	7 
620	2 
621	11 
622	20 
623	18 
624	14 
625	16 
626	22 
627	1 
628	16 
629	24 
630	18 
631	5 
632	12 
633	27 
634	26 
635	27 
636	20 
637	15 
638	26 
639	18 
640	13 
641	24 
642	17 
643	25 
644	19 
645	4 
646	14 
647	25 
648	14 
649	0 
650	10 
651	6 
652	7 
653	4 
654	1 
655	3 
656	6 
657	24 
658	5 
659	6 
660	11 
661	24 
662	3 
663	7 
664	5 
665	11 
666	8 
667	22 
668	14 
669	18 
670	10 
671	23 
672	20 
673	27 
674	23 
675	26 
676	10 
677	10 
678	4 
679	18 
680	25 
681	3 
682	15 
683	21 
684	7 
685	1 
686	2 
687	11 
688	1 
689	2 
690	16 
691	9 
692	21 
693	12 
694	12 
695	6 
696	26 
697	25 
698	13 
699	17 
700	25 
701	18 
702	26 
703	17 
704	10 
705	22 
706	18 
707	2 
708	3 
709	25 
710	10 
711	14 
712	14 
713	0 
714	26 
715	20 
716	5 
717	22 
718	20 
719	11 
720	3 
721	13 
722	11 
723	3 
724	27 
725	16 
726	18 
727	6 
728	19 
729	4 
730	17 
731	26 
732	9 
733	21 
734	26 
735	5 
736	14 
737	8 
738	18 
739	21 
740	14 
741	19 
742	6 
743	25 
744	24 
745	6 
746	24 
747	5 
748	17 
749	9 
750	4 
751	11 
752	17 
753	17 
754	18 
755	8 
756	27 
757	27 
758	24 
759	26 
760	27 
761	26 
762	15 
763	12 
764	6 
765	18 
766	14 
767	14 
768	21 
769	26 
770	27 
771	1 
772	17 
773	27 
774	3 
775	2 
776	25 
777	1 
778	26 
779	22 
780	14 
781	18 
782	21 
783	24 
784	14 
785	5 
786	22 
787	5 
788	17 
789	9 
790	11 
791	5 
792	14 
793	8 
794	15 
795	1 
796	24 
797	23 
798	24 
799	2 
800	21 
801	27 
802	13 
803	24 
804	22 
805	27 
806	20 
807	4 
808	27 
809	10 
810	18 
811	7 
812	19 
813	26 
814	5 
815	9 
816	2 
817	25 
818	19 
819	26 
820	18 
821	9 
822	14 
823	6 
824	26 
825	17 
826	17 
827	27 
828	13 
829	17 
830	11 
831	5 
832	25 
833	9 
834	12 
835	2 
836	2 
837	5 
838	10 
839	2 
840	5 
841	19 
842	26 
843	3 
844	0 
845	20 
846	22 
847	22 
848	17 
849	8 
850	6 
851	6 
852	26 
853	5 
854	21 
855	10 
856	7 
857	14 
858	23 
859	1 
860	4 
861	0 
862	17 
863	13 
864	15 
865	6 
866	11 
867	11 
868	20 
869	13 
870	27 
871	7 
872	5 
873	15 
874	21 
875	11 
876	8 
877	19 
878	7 
879	15 
880	5 
881	8 
882	27 
883	21 
884	7 
885	26 
886	17 
887	20 
888	2 
889	11 
890	13 
891	20 
892	5 
893	10 
894	14 
895	22 
896	6 
897	22 
898	2 
899	20 
900	6 
901	24 
902	13 
903	25 
904	25 
905	1 
906	4 
907	15 
908	0 
909	10 
910	15 
911	1 
912	21 
913	21 
914	18 
915	14 
916	20 
917	18 
918	14 
919	6 
920	17 
921	26 
922	7 
923	11 
924	24 
925	9 
926	16 
927	25 
928	20 
929	21 
930	4 
931	17 
932	11 
933	23 
934	3 
935	27 
936	0 
937	10 
938	3 
939	11 
940	17 
941	6 
942	6 
943	27 
944	12 
945	26 
946	14 
947	3 
948	27 
949	19 
950	25 
951	0 
952	6 
953	24 
954	26 
955	22 
956	20 
957	17 
958	25 
959	0 
960	5 
961	5 
962	14 
963	20 
964	16 
965	3 
966	2 
967	20 
968	5 
969	10 
970	10 
971	14 
972	0 
973	5 
974	11 
975	13 
976	17 
977	0 
978	5 
979	11 
980	21 
981	0 
982	24 
983	10 
984	14 
985	8 
986	5 
987	6 
988	1 
989	18 
990	5 
991	0 
992	10 
993	24 
994	13 
995	25 
996	11 
997	10 
998	13 
999	20 
