0	11 
1	1 
2	2 
3	27 
4	24 
5	0 
6	4 
7	19 
8	18 
9	13 
10	12 
11	4 
12	18 
13	13 
14	26 
15	0 
16	21 
17	6 
18	10 
19	27 
20	0 
21	27 
22	25 
23	15 
24	13 
25	13 
26	16 
27	10 
28	7 
29	10 
30	8 
31	8 
32	27 
33	19 
34	18 
35	13 
36	20 
37	17 
38	20 
39	18 
40	6 
41	11 
42	21 
43	5 
44	14 
45	25 
46	25 
47	21 
48	24 
49	6 
50	18 
51	18 
52	26 
53	20 
54	6 
55	5 
56	10 
57	25 
58	18 
59	9 
60	23 
61	24 
62	11 
63	6 
64	26 
65	9 
66	25 
67	17 
68	27 
69	0 
70	17 
71	15 
72	17 
73	11 
74	6 
75	23 
76	5 
77	20 
78	27 
79	10 
80	10 
81	15 
82	27 
83	20 
84	0 
85	6 
86	6 
87	25 
88	15 
89	25 
90	5 
91	0 
92	1 
93	1 
94	17 
95	25 
96	19 
97	1 
98	25 
99	2 
100	6 
101	19 
102	11 
103	25 
104	24 
105	13 
106	2 
107	22 
108	7 
109	17 
110	9 
111	18 
112	24 
113	11 
114	11 
115	27 
116	7 
117	13 
118	18 
119	22 
120	24 
121	21 
122	20 
123	8 
124	20 
125	6 
126	0 
127	15 
128	21 
129	0 
130	11 
131	4 
132	5 
133	15 
134	5 
135	1 
136	6 
137	10 
138	18 
139	22 
140	0 
141	18 
142	9 
143	27 
144	7 
145	4 
146	5 
147	15 
148	1 
149	3 
150	1 
151	16 
152	2 
153	6 
154	2 
155	7 
156	2 
157	8 
158	6 
159	23 
160	14 
161	12 
162	15 
163	12 
164	14 
165	5 
166	17 
167	16 
168	17 
169	0 
170	5 
171	2 
172	7 
173	7 
174	16 
175	15 
176	26 
177	24 
178	23 
179	8 
180	24 
181	0 
182	11 
183	0 
184	12 
185	13 
186	22 
187	15 
188	13 
189	9 
190	14 
191	20 
192	0 
193	9 
194	25 
195	26 
196	24 
197	8 
198	23 
199	10 
200	5 
201	14 
202	6 
203	17 
204	23 
205	13 
206	20 
207	12 
208	27 
209	5 
210	3 
211	13 
212	25 
213	27 
214	22 
215	15 
216	21 
217	25 
218	24 
219	26 
220	20 
221	6 
222	4 
223	19 
224	23 
225	19 
226	0 
227	15 
228	14 
229	26 
230	2 
231	22 
232	19 
233	20 
234	5 
235	1 
236	2 
237	27 
238	8 
239	25 
240	11 
241	11 
242	4 
243	10 
244	17 
245	14 
246	23 
247	26 
248	22 
249	14 
250	6 
251	26 
252	21 
253	21 
254	22 
255	17 
256	7 
257	24 
258	0 
259	16 
260	19 
261	4 
262	0 
263	13 
264	26 
265	24 
266	21 
267	12 
268	19 
269	11 
270	22 
271	12 
272	0 
273	5 
274	16 
275	8 
276	1 
277	0 
278	24 
279	27 
280	20 
281	3 
282	11 
283	21 
284	20 
285	8 
286	26 
287	25 
288	22 
289	13 
290	10 
291	0 
292	5 
293	21 
294	22 
295	2 
296	3 
297	23 
298	23 
299	18 
300	1 
301	24 
302	16 
303	19 
304	4 
305	16 
306	27 
307	24 
308	25 
309	15 
310	14 
311	17 
312	6 
313	13 
314	20 
315	11 
316	17 
317	9 
318	18 
319	15 
320	14 
321	27 
322	16 
323	10 
324	27 
325	8 
326	9 
327	15 
328	7 
329	26 
330	7 
331	27 
332	13 
333	7 
334	17 
335	17 
336	20 
337	5 
338	25 
339	3 
340	2 
341	18 
342	3 
343	14 
344	23 
345	0 
346	5 
347	21 
348	24 
349	15 
350	8 
351	1 
352	10 
353	25 
354	4 
355	18 
356	2 
357	13 
358	10 
359	19 
360	13 
361	14 
362	19 
363	26 
364	17 
365	16 
366	13 
367	18 
368	12 
369	24 
370	27 
371	3 
372	14 
373	24 
374	11 
375	13 
376	13 
377	25 
378	25 
379	27 
380	26 
381	18 
382	22 
383	1 
384	10 
385	5 
386	2 
387	8 
388	19 
389	17 
390	24 
391	17 
392	12 
393	27 
394	6 
395	0 
396	25 
397	8 
398	13 
399	4 
400	26 
401	13 
402	8 
403	27 
404	25 
405	24 
406	6 
407	18 
408	15 
409	24 
410	18 
411	21 
412	21 
413	22 
414	16 
415	2 
416	0 
417	17 
418	21 
419	8 
420	20 
421	17 
422	22 
423	24 
424	4 
425	12 
426	1 
427	5 
428	5 
429	4 
430	14 
431	22 
432	19 
433	16 
434	19 
435	8 
436	0 
437	23 
438	15 
439	5 
440	20 
441	10 
442	18 
443	17 
444	23 
445	13 
446	27 
447	27 
448	17 
449	18 
450	1 
451	24 
452	7 
453	1 
454	17 
455	22 
456	3 
457	13 
458	2 
459	17 
460	4 
461	25 
462	11 
463	5 
464	5 
465	17 
466	24 
467	2 
468	18 
469	8 
470	10 
471	20 
472	8 
473	26 
474	5 
475	24 
476	11 
477	12 
478	11 
479	17 
480	6 
481	3 
482	14 
483	18 
484	18 
485	4 
486	6 
487	6 
488	26 
489	3 
490	19 
491	23 
492	20 
493	15 
494	2 
495	26 
496	9 
497	5 
498	14 
499	10 
500	15 
501	24 
502	23 
503	26 
504	1 
505	15 
506	0 
507	17 
508	25 
509	4 
510	9 
511	27 
512	26 
513	14 
514	11 
515	3 
516	19 
517	27 
518	14 
519	11 
520	8 
521	12 
522	25 
523	24 
524	16 
525	22 
526	20 
527	6 
528	8 
529	18 
530	21 
531	20 
532	17 
533	20 
534	0 
535	27 
536	18 
537	25 
538	24 
539	11 
540	5 
541	11 
542	10 
543	6 
544	18 
545	14 
546	13 
547	25 
548	25 
549	0 
550	20 
551	1 
552	13 
553	9 
554	14 
555	14 
556	11 
557	20 
558	8 
559	5 
560	9 
561	27 
562	14 
563	2 
564	13 
565	26 
566	14 
567	22 
568	12 
569	1 
570	16 
571	20 
572	24 
573	11 
574	17 
575	17 
576	19 
577	9 
578	20 
579	11 
580	8 
581	12 
582	27 
583	6 
584	15 
585	15 
586	17 
587	5 
588	13 
589	21 
590	17 
591	6 
592	3 
593	6 
594	3 
595	12 
596	13 
597	16 
598	21 
599	19 
600	1 
601	3 
602	5 
603	6 
604	27 
605	8 
606	27 
607	8 
608	10 
609	5 
610	15 
611	16 
612	20 
613	10 
614	26 
615	2 
616	10 
617	26 
618	21 
619	6 
620	1 
621	7 
622	13 
623	21 
624	5 
625	22 
626	3 
627	20 
628	14 
629	4 
630	14 
631	16 
632	22 
633	16 
634	16 
635	2 
636	1 
637	7 
638	4 
639	26 
640	2 
641	25 
642	4 
643	7 
644	6 
645	0 
646	27 
647	2 
648	0 
649	3 
650	16 
651	1 
652	2 
653	12 
654	7 
655	1 
656	11 
657	17 
658	3 
659	10 
660	27 
661	5 
662	20 
663	26 
664	8 
665	1 
666	9 
667	6 
668	6 
669	5 
670	23 
671	13 
672	11 
673	7 
674	26 
675	27 
676	11 
677	7 
678	6 
679	9 
680	13 
681	19 
682	8 
683	18 
684	6 
685	25 
686	21 
687	20 
688	23 
689	6 
690	9 
691	4 
692	10 
693	13 
694	24 
695	1 
696	11 
697	7 
698	21 
699	13 
700	10 
701	24 
702	16 
703	21 
704	9 
705	8 
706	9 
707	13 
708	20 
709	11 
710	7 
711	22 
712	19 
713	17 
714	3 
715	13 
716	22 
717	24 
718	25 
719	26 
720	25 
721	9 
722	4 
723	3 
724	18 
725	18 
726	25 
727	16 
728	20 
729	4 
730	27 
731	23 
732	12 
733	11 
734	2 
735	17 
736	1 
737	13 
738	17 
739	20 
740	6 
741	19 
742	19 
743	12 
744	20 
745	11 
746	27 
747	21 
748	0 
749	11 
750	6 
751	14 
752	24 
753	23 
754	11 
755	16 
756	10 
757	11 
758	23 
759	17 
760	14 
761	17 
762	5 
763	21 
764	12 
765	17 
766	21 
767	2 
768	21 
769	26 
770	20 
771	3 
772	26 
773	14 
774	18 
775	22 
776	11 
777	27 
778	25 
779	21 
780	19 
781	8 
782	9 
783	14 
784	17 
785	26 
786	5 
787	14 
788	12 
789	18 
790	1 
791	6 
792	7 
793	6 
794	17 
795	27 
796	24 
797	20 
798	2 
799	19 
800	13 
801	0 
802	5 
803	3 
804	14 
805	25 
806	24 
807	7 
808	23 
809	2 
810	17 
811	20 
812	11 
813	11 
814	26 
815	22 
816	6 
817	0 
818	22 
819	3 
820	24 
821	18 
822	25 
823	14 
824	14 
825	26 
826	5 
827	11 
828	21 
829	19 
830	14 
831	14 
832	20 
833	5 
834	21 
835	3 
836	10 
837	5 
838	27 
839	13 
840	26 
841	4 
842	17 
843	9 
844	0 
845	12 
846	15 
847	9 
848	10 
849	16 
850	14 
851	20 
852	0 
853	16 
854	25 
855	23 
856	26 
857	13 
858	14 
859	6 
860	20 
861	14 
862	3 
863	17 
864	22 
865	19 
866	10 
867	12 
868	11 
869	23 
870	1 
871	8 
872	2 
873	24 
874	6 
875	22 
876	12 
877	8 
878	11 
879	25 
880	14 
881	1 
882	14 
883	18 
884	7 
885	27 
886	16 
887	27 
888	5 
889	0 
890	21 
891	1 
892	17 
893	2 
894	10 
895	11 
896	26 
897	13 
898	11 
899	14 
900	21 
901	27 
902	5 
903	5 
904	26 
905	0 
906	18 
907	13 
908	3 
909	9 
910	25 
911	12 
912	20 
913	14 
914	19 
915	16 
916	1 
917	7 
918	22 
919	6 
920	13 
921	20 
922	5 
923	2 
924	26 
925	17 
926	21 
927	27 
928	2 
929	5 
930	6 
931	0 
932	13 
933	24 
934	2 
935	2 
936	10 
937	21 
938	18 
939	26 
940	21 
941	27 
942	3 
943	3 
944	10 
945	11 
946	1 
947	6 
948	25 
949	25 
950	17 
951	25 
952	10 
953	0 
954	11 
955	18 
956	10 
957	26 
958	17 
959	20 
960	6 
961	14 
962	0 
963	22 
964	14 
965	14 
966	2 
967	20 
968	5 
969	10 
970	10 
971	14 
972	0 
973	5 
974	11 
975	13 
976	17 
977	0 
978	24 
979	5 
980	11 
981	14 
982	6 
983	24 
984	10 
985	14 
986	5 
987	6 
988	1 
989	18 
990	5 
991	0 
992	10 
993	24 
994	13 
995	25 
996	11 
997	10 
998	13 
999	20 
